0.0    100.0
0.0    110.0
0.0    110.0
5.877852522924732    118.09016994374947
5.877852522924732    118.09016994374947
15.388417685876266    121.18033988749895
15.388417685876266    121.18033988749895
24.898982848827803    118.09016994374947
24.898982848827803    118.09016994374947
30.776835371752536    110.0
30.776835371752536    110.0
30.776835371752536    100.0
30.776835371752536    100.0
24.898982848827806    91.90983005625053
24.898982848827806    91.90983005625053
15.388417685876272    88.81966011250105
15.388417685876272    88.81966011250105
5.877852522924735    91.90983005625053
5.877852522924735    91.90983005625053
1.7763568394002505E-15    100.0
1.7763568394002505E-15    100.0
-6.72936758894456E-16    110.0